# Keck II NIRSPEC observations of the southern auroral region of Jupiter
# Obtained 17 April 2016 by James O'Donoghue, Luke Moore, Tom Stallard and Henrik Melin
# Thanks to James for sharing this calibrated spectrum!
        1024
      3.94560   4.1841122e-05
      3.94566   4.1482650e-05
      3.94572   3.0953284e-05
      3.94578   4.2540476e-05
      3.94584   1.6195587e-05
      3.94589   4.8522958e-05
      3.94595   4.1091233e-05
      3.94601   4.3143460e-05
      3.94607   5.5124314e-05
      3.94613   6.9411486e-05
      3.94619   8.6606480e-05
      3.94625   7.9135265e-05
      3.94631   9.6941250e-05
      3.94637   8.5154788e-05
      3.94643   6.4167070e-05
      3.94649   4.4610813e-05
      3.94654   5.7145520e-05
      3.94660   6.6117311e-05
      3.94666   5.9254362e-05
      3.94672   5.1742336e-05
      3.94678   4.2631658e-05
      3.94684   5.8988473e-05
      3.94690   5.0453684e-05
      3.94696   5.5321951e-05
      3.94702   5.5944485e-05
      3.94708   4.8334579e-05
      3.94713   4.8738111e-05
      3.94719   6.7752480e-05
      3.94725   3.5936890e-05
      3.94731   3.5483132e-05
      3.94737   4.0234561e-05
      3.94743   4.2020492e-05
      3.94749   5.1563256e-05
      3.94755   3.1119042e-05
      3.94761   1.5660304e-05
      3.94767   2.0456755e-05
      3.94773   3.4278037e-05
      3.94778   2.8206190e-05
      3.94784   1.5952401e-05
      3.94790   1.9890214e-05
      3.94796   2.6432626e-05
      3.94802   3.9915922e-05
      3.94808   4.5621717e-05
      3.94814   2.6711919e-05
      3.94820   1.7890618e-05
      3.94826   2.5305944e-05
      3.94832   3.3182234e-05
      3.94837   2.6685912e-05
      3.94843   4.7295805e-05
      3.94849   6.0661299e-05
      3.94855   7.3205527e-05
      3.94861   6.4082713e-05
      3.94867   6.8219291e-05
      3.94873   6.6716893e-05
      3.94879   9.2800263e-05
      3.94885   7.6582059e-05
      3.94891   0.00010916956
      3.94897   0.00013314973
      3.94902   0.00015494053
      3.94908   0.00013815839
      3.94914   9.1579786e-05
      3.94920   4.6154310e-05
      3.94926   7.0382273e-05
      3.94932   7.3971874e-05
      3.94938   6.9575952e-05
      3.94944   7.0867027e-05
      3.94950   7.3893782e-05
      3.94956   6.5022570e-05
      3.94962   5.5602140e-05
      3.94967   5.0390518e-05
      3.94973   4.2364336e-05
      3.94979   2.7157390e-05
      3.94985   2.8744689e-05
      3.94991   2.9864377e-05
      3.94997   3.4019562e-05
      3.95003   4.4376735e-05
      3.95009   2.1531760e-06
      3.95015  -8.9953508e-05
      3.95021   5.2544601e-06
      3.95026   3.4416411e-05
      3.95032   5.4658154e-05
      3.95038   7.4668307e-05
      3.95044   7.2587944e-05
      3.95050   8.3396604e-05
      3.95056   1.4104824e-05
      3.95062   3.4264649e-05
      3.95068   5.4890428e-05
      3.95074   5.1358082e-05
      3.95080   3.1897998e-05
      3.95086   3.4738154e-05
      3.95091   5.1816329e-05
      3.95097   3.9883671e-05
      3.95103   3.2645581e-05
      3.95109   3.7664206e-05
      3.95115   4.5173027e-05
      3.95121   4.3865086e-05
      3.95127   4.0821993e-05
      3.95133   3.3533641e-05
      3.95139   3.1316573e-05
      3.95145   3.9183597e-05
      3.95150   5.7039284e-05
      3.95156   4.8484300e-05
      3.95162   3.7875492e-05
      3.95168   2.9206154e-05
      3.95174   2.6674097e-05
      3.95180   5.1465358e-05
      3.95186   4.8217487e-05
      3.95192   3.0664702e-05
      3.95198   3.4040604e-05
      3.95204   2.1689204e-05
      3.95210   4.8824561e-05
      3.95215   3.5607445e-05
      3.95221   3.2086304e-05
      3.95227   6.0098760e-06
      3.95233   1.6994391e-05
      3.95239   3.8151658e-05
      3.95245   3.3558161e-05
      3.95251   2.1563746e-05
      3.95257   3.7210804e-05
      3.95263   3.5863788e-05
      3.95269   3.5208785e-05
      3.95274   7.5069693e-05
      3.95280   0.00040832633
      3.95286    0.0019335205
      3.95292    0.0049233632
      3.95298    0.0072158142
      3.95304    0.0062708454
      3.95310    0.0028740522
      3.95316   0.00054564426
      3.95322   0.00010245996
      3.95328   6.1805309e-05
      3.95334   4.6270798e-05
      3.95339   4.0395476e-05
      3.95345   2.8437007e-05
      3.95351   2.8338440e-05
      3.95357   4.1452542e-05
      3.95363   3.2015319e-05
      3.95369   3.8559319e-05
      3.95375   5.9405160e-05
      3.95381   3.9197530e-05
      3.95387   1.9953884e-05
      3.95393   6.5500262e-06
      3.95398   1.7853456e-05
      3.95404   1.2834300e-05
      3.95410   1.3444964e-05
      3.95416   8.2469141e-06
      3.95422   1.7078119e-05
      3.95428   1.3745991e-05
      3.95434   9.5330515e-06
      3.95440   2.8614579e-05
      3.95446   1.1036852e-05
      3.95452   2.5526073e-05
      3.95458   1.3778836e-05
      3.95463   1.7692335e-05
      3.95469   2.8719523e-05
      3.95475   3.3897242e-05
      3.95481   3.5523135e-05
      3.95487   3.7861970e-05
      3.95493   3.2548422e-05
      3.95499   1.8093600e-05
      3.95505   1.8420786e-05
      3.95511   3.0375373e-05
      3.95517   4.1387430e-05
      3.95522   3.7352056e-05
      3.95528   2.8671946e-05
      3.95534   3.6350477e-05
      3.95540   3.2910415e-05
      3.95546   3.3851135e-05
      3.95552   3.5516659e-05
      3.95558   3.7524023e-05
      3.95564   5.5297245e-05
      3.95570   3.3590150e-05
      3.95576   1.2163236e-05
      3.95582   3.1879285e-05
      3.95587   3.1027368e-05
      3.95593   2.9998571e-05
      3.95599   3.9500672e-05
      3.95605   3.2319658e-05
      3.95611   2.1961338e-05
      3.95617   5.7443649e-05
      3.95623   3.5172463e-05
      3.95629   3.3668941e-05
      3.95635   2.3052668e-05
      3.95641   4.8524504e-05
      3.95646   4.0031427e-05
      3.95652   2.3079838e-05
      3.95658   1.3701334e-05
      3.95664   3.4724169e-05
      3.95670   2.9719817e-05
      3.95676   3.4560348e-05
      3.95682   4.5950532e-05
      3.95688   1.9958869e-05
      3.95694   1.5132412e-05
      3.95700   3.0640014e-05
      3.95706   2.8600256e-05
      3.95711   4.3639226e-05
      3.95717   5.5609213e-05
      3.95723   3.0507888e-05
      3.95729   4.5446457e-05
      3.95735   3.9464037e-05
      3.95741   3.6502741e-05
      3.95747   3.8518738e-05
      3.95753   3.0084329e-05
      3.95759   2.3797063e-05
      3.95765   2.4728002e-05
      3.95770   2.2146882e-05
      3.95776   2.1237942e-05
      3.95782   2.7556598e-05
      3.95788   3.0036155e-05
      3.95794   2.4672992e-05
      3.95800   3.9599050e-05
      3.95806   5.0559920e-05
      3.95812   3.8207065e-05
      3.95818   4.2693887e-06
      3.95824   2.3723302e-05
      3.95830   3.7416547e-05
      3.95835   3.0416082e-05
      3.95841   3.3000899e-05
      3.95847   6.2133486e-06
      3.95853  -3.6044253e-07
      3.95859  -2.2309018e-06
      3.95865   1.2500091e-05
      3.95871   3.1566466e-05
      3.95877   2.2863684e-05
      3.95883   1.5555941e-05
      3.95889   1.2847314e-05
      3.95894   1.4055801e-05
      3.95900   1.0784252e-05
      3.95906   3.2403754e-05
      3.95912   1.3346231e-05
      3.95918   2.2472652e-05
      3.95924   4.9193462e-05
      3.95930   2.5775969e-05
      3.95936   5.1586330e-06
      3.95942   1.6110629e-05
      3.95948   2.7609336e-05
      3.95954   2.5232912e-05
      3.95959   3.5341054e-05
      3.95965   2.5157487e-05
      3.95971   3.2560394e-05
      3.95977   3.8754242e-05
      3.95983   4.1252104e-05
      3.95989   5.0633575e-05
      3.95995   4.7091489e-05
      3.96001   1.8064720e-05
      3.96007   1.0065570e-05
      3.96013   1.7933005e-05
      3.96018   3.5029330e-05
      3.96024   4.1513878e-05
      3.96030   4.3348889e-05
      3.96036   4.6058954e-05
      3.96042   3.2764856e-05
      3.96048   3.0468267e-05
      3.96054   3.6290367e-05
      3.96060   4.0040122e-05
      3.96066   5.1953415e-05
      3.96072   6.1777049e-05
      3.96078   6.0892482e-05
      3.96083   6.6129804e-05
      3.96089   6.2664447e-05
      3.96095   6.2207117e-05
      3.96101   6.7332869e-05
      3.96107   6.6064400e-05
      3.96113   7.4313750e-05
      3.96119   8.3824722e-05
      3.96125   8.3324354e-05
      3.96131   9.0257396e-05
      3.96137   9.1505717e-05
      3.96142   8.2442704e-05
      3.96148   7.6991986e-05
      3.96154   7.4646268e-05
      3.96160   9.2510869e-05
      3.96166   8.8151493e-05
      3.96172   0.00011432076
      3.96178   0.00012686881
      3.96184   9.9850535e-05
      3.96190   9.2522081e-05
      3.96196   0.00011435753
      3.96202   9.6897318e-05
      3.96207   9.8811026e-05
      3.96213   0.00010051853
      3.96219   6.4955770e-05
      3.96225   7.1659539e-05
      3.96231   7.0991373e-05
      3.96237   7.9237856e-05
      3.96243   4.7010351e-05
      3.96249   3.4625336e-05
      3.96255   3.2026172e-05
      3.96261   2.5600528e-05
      3.96267   4.6479730e-05
      3.96272   6.3217369e-05
      3.96278   8.1045786e-05
      3.96284   0.00010835418
      3.96290   8.8135981e-05
      3.96296   8.9610839e-05
      3.96302   8.2490333e-05
      3.96308   6.1367624e-05
      3.96314   5.0139701e-05
      3.96320   3.9570972e-05
      3.96326   2.9060040e-05
      3.96331   4.3268315e-05
      3.96337   6.8669273e-05
      3.96343   8.0647638e-05
      3.96349   7.8066441e-05
      3.96355   8.5871776e-05
      3.96361   7.7344317e-05
      3.96367   6.2555002e-05
      3.96373   5.2120977e-05
      3.96379   4.7068181e-05
      3.96385   5.0796767e-05
      3.96391   7.3097741e-05
      3.96396   9.4113326e-05
      3.96402   9.7103970e-05
      3.96408   9.5292948e-05
      3.96414   9.3696166e-05
      3.96420   9.3308860e-05
      3.96426   9.9420984e-05
      3.96432   8.9513444e-05
      3.96438   9.7301381e-05
      3.96444   0.00010474983
      3.96450   8.3848434e-05
      3.96455   6.9763599e-05
      3.96461   7.3650801e-05
      3.96467   8.6005486e-05
      3.96473   0.00011282415
      3.96479   0.00011969099
      3.96485   0.00012763383
      3.96491   0.00012118040
      3.96497   0.00011830607
      3.96503   0.00012545098
      3.96509   0.00011948292
      3.96515   0.00011137297
      3.96520   9.1942886e-05
      3.96526   9.7589909e-05
      3.96532   0.00010816423
      3.96538   7.8084508e-05
      3.96544   4.1934018e-05
      3.96550   2.9291477e-05
      3.96556   3.5450950e-05
      3.96562   6.0680479e-05
      3.96568   4.9311180e-05
      3.96574   3.2227093e-05
      3.96579   4.9940529e-05
      3.96585   5.0915198e-05
      3.96591   3.7652302e-05
      3.96597   2.0050238e-05
      3.96603   4.1899730e-05
      3.96609   4.2538963e-05
      3.96615   3.6875826e-05
      3.96621   2.1368451e-05
      3.96627   1.3517511e-05
      3.96633   3.6294299e-05
      3.96639   3.1133986e-05
      3.96644   4.0529067e-05
      3.96650   5.1755505e-05
      3.96656   5.2315190e-05
      3.96662   4.0174251e-05
      3.96668   3.3983451e-05
      3.96674   4.4993361e-05
      3.96680   5.3368713e-05
      3.96686   4.3209926e-05
      3.96692   6.1627630e-05
      3.96698   8.9787762e-05
      3.96703   9.5606483e-05
      3.96709   0.00011159392
      3.96715   0.00012125527
      3.96721   0.00012428596
      3.96727   0.00011962432
      3.96733   0.00011226501
      3.96739   0.00012038387
      3.96745   0.00013076770
      3.96751   0.00011739568
      3.96757   0.00011366544
      3.96763   0.00012874526
      3.96768   0.00010213917
      3.96774   0.00010681503
      3.96780   0.00010486727
      3.96786   0.00010248621
      3.96792   0.00011133040
      3.96798   8.7337387e-05
      3.96804   8.5369145e-05
      3.96810   7.6764103e-05
      3.96816   6.5143242e-05
      3.96822   4.1200772e-05
      3.96827   3.6567701e-05
      3.96833   4.0390845e-05
      3.96839   1.3123640e-05
      3.96845  -1.9547183e-06
      3.96851   2.2282453e-05
      3.96857   5.1068826e-05
      3.96863   6.3608750e-05
      3.96869   6.9119953e-05
      3.96875   6.1432198e-05
      3.96881   4.5646520e-05
      3.96887   5.7150755e-05
      3.96892   7.3063959e-05
      3.96898   6.7786343e-05
      3.96904   7.9902849e-05
      3.96910   9.6736978e-05
      3.96916   9.1882117e-05
      3.96922   6.9003472e-05
      3.96928   6.0902214e-05
      3.96934   5.9693968e-05
      3.96940   6.4818334e-05
      3.96946   8.2768762e-05
      3.96951   8.9721136e-05
      3.96957   7.4165699e-05
      3.96963   8.1082733e-05
      3.96969   9.5719777e-05
      3.96975   0.00010027307
      3.96981   0.00011441257
      3.96987   0.00012345451
      3.96993   0.00011376167
      3.96999   0.00011112056
      3.97005   0.00012103045
      3.97011   9.5485892e-05
      3.97016   8.2268656e-05
      3.97022   9.4715004e-05
      3.97028   9.7277640e-05
      3.97034   0.00010624810
      3.97040   0.00011559216
      3.97046   0.00010126421
      3.97052   0.00010381000
      3.97058   0.00011113892
      3.97064   9.9610472e-05
      3.97070   0.00011902568
      3.97075   0.00014216332
      3.97081   0.00013872790
      3.97087   0.00026284799
      3.97093   0.00090966903
      3.97099    0.0022160679
      3.97105    0.0032274132
      3.97111    0.0028521419
      3.97117    0.0014019177
      3.97123   0.00029851589
      3.97129   0.00012591027
      3.97135   9.6130389e-05
      3.97140   6.7552304e-05
      3.97146   7.9142214e-05
      3.97152   0.00011294970
      3.97158   0.00011417329
      3.97164   9.4622133e-05
      3.97170   0.00010102947
      3.97176   0.00010561849
      3.97182   9.1671354e-05
      3.97188   8.2788334e-05
      3.97194   7.1155227e-05
      3.97199   6.3039901e-05
      3.97205   6.4032000e-05
      3.97211   7.3919582e-05
      3.97217   7.5444652e-05
      3.97223   7.3242802e-05
      3.97229   8.7631946e-05
      3.97235   8.1986262e-05
      3.97241   7.4366108e-05
      3.97247   7.9855869e-05
      3.97253   7.9357204e-05
      3.97259   6.9870621e-05
      3.97264   6.4875152e-05
      3.97270   6.4359912e-05
      3.97276   6.6404202e-05
      3.97282   6.7599147e-05
      3.97288   7.7254008e-05
      3.97294   7.8730081e-05
      3.97300   7.0163987e-05
      3.97306   6.1931823e-05
      3.97312   6.4879721e-05
      3.97318   5.7450769e-05
      3.97323   5.4710883e-05
      3.97329   5.6193898e-05
      3.97335   4.5916062e-05
      3.97341   3.7047317e-05
      3.97347   3.4553985e-05
      3.97353   3.9196424e-05
      3.97359   4.3453638e-05
      3.97365   4.5411947e-05
      3.97371   4.8132060e-05
      3.97377   4.1779393e-05
      3.97383   4.7749989e-05
      3.97388   5.5264762e-05
      3.97394   4.5660297e-05
      3.97400   2.1059181e-05
      3.97406   2.2766490e-05
      3.97412   3.7171631e-05
      3.97418   4.4125612e-05
      3.97424   3.5394467e-05
      3.97430   3.5152880e-05
      3.97436   3.6418933e-05
      3.97442   4.3763823e-05
      3.97447   3.9198902e-05
      3.97453   1.7693137e-05
      3.97459   2.2912718e-05
      3.97465   3.2823387e-05
      3.97471   2.8578763e-05
      3.97477   2.8792691e-05
      3.97483   4.7874077e-05
      3.97489   8.3410872e-05
      3.97495   8.7179251e-05
      3.97501   5.4163746e-05
      3.97507   2.5856001e-05
      3.97512   3.0047020e-05
      3.97518   1.4963323e-05
      3.97524   2.7877799e-05
      3.97530   5.1211457e-05
      3.97536   3.2607397e-05
      3.97542   2.3683157e-05
      3.97548   2.0023022e-05
      3.97554   6.2708418e-06
      3.97560   1.4883284e-05
      3.97566   1.9763864e-05
      3.97571   3.3240136e-05
      3.97577   3.1886029e-05
      3.97583   2.8925990e-05
      3.97589   3.8913553e-05
      3.97595   3.6890364e-05
      3.97601   2.8499766e-05
      3.97607   2.2440896e-05
      3.97613   1.1129671e-05
      3.97619   1.5618813e-05
      3.97625  -2.8497220e-06
      3.97631   5.3801655e-06
      3.97636   3.9286475e-05
      3.97642   4.3471016e-05
      3.97648   3.6464702e-05
      3.97654   4.0961251e-05
      3.97660   4.2779124e-05
      3.97666   5.4097829e-05
      3.97672   6.1222854e-05
      3.97678   6.1315593e-05
      3.97684   5.4244774e-05
      3.97690   1.9760269e-05
      3.97696   2.7278291e-05
      3.97701   3.6406163e-05
      3.97707   3.6385289e-05
      3.97713   5.1201921e-05
      3.97719   5.7148030e-05
      3.97725   2.7031125e-05
      3.97731   3.0984746e-05
      3.97737   4.5070479e-05
      3.97743   3.1934233e-05
      3.97749   3.7074344e-05
      3.97755   5.2929914e-05
      3.97760   5.3398508e-05
      3.97766   6.0741750e-05
      3.97772   6.9493326e-05
      3.97778   4.5288940e-05
      3.97784   4.0976563e-05
      3.97790   6.9394926e-05
      3.97796   6.7402732e-05
      3.97802   5.1007417e-05
      3.97808   4.2183648e-05
      3.97814   5.5383909e-05
      3.97820   1.1841537e-05
      3.97825   1.6774731e-05
      3.97831   4.7430276e-05
      3.97837   4.6411245e-05
      3.97843   5.6781115e-05
      3.97849   5.8990034e-05
      3.97855   5.2868920e-05
      3.97861   5.5383618e-05
      3.97867   2.5794607e-05
      3.97873   3.0452846e-05
      3.97879   3.4668679e-05
      3.97884   1.5831041e-05
      3.97890   2.1358679e-05
      3.97896   3.2703771e-05
      3.97902   5.2617237e-05
      3.97908   5.2740019e-05
      3.97914   3.3400189e-05
      3.97920   3.9631603e-05
      3.97926   4.4535671e-05
      3.97932   3.4273045e-05
      3.97938   1.9160841e-05
      3.97944   1.8178416e-05
      3.97949   3.0907955e-05
      3.97955   1.9618350e-05
      3.97961   2.2300219e-05
      3.97967   2.1652180e-05
      3.97973   2.4719764e-05
      3.97979   2.9042712e-05
      3.97985   2.2623923e-05
      3.97991   2.3409604e-05
      3.97997   1.3867497e-05
      3.98003   1.4031340e-05
      3.98008   2.1066384e-05
      3.98014   2.3396002e-05
      3.98020   8.8283014e-06
      3.98026   1.6715186e-06
      3.98032   1.0553988e-06
      3.98038   6.8344411e-06
      3.98044   5.8646306e-06
      3.98050   1.6042002e-05
      3.98056   4.9619201e-05
      3.98062   6.8019181e-05
      3.98068   6.8127680e-05
      3.98073   4.2370837e-05
      3.98079   3.3862794e-05
      3.98085   3.2503318e-05
      3.98091   1.6275881e-05
      3.98097   2.3527013e-05
      3.98103   3.5237259e-05
      3.98109   3.8450864e-05
      3.98115   3.5309553e-05
      3.98121   2.4430639e-05
      3.98127   2.0338937e-05
      3.98132   1.1752848e-05
      3.98138  -5.9090230e-06
      3.98144  -1.7821229e-06
      3.98150   1.7026174e-05
      3.98156   2.1962778e-05
      3.98162   3.2533862e-05
      3.98168   3.6153884e-05
      3.98174   2.9857449e-05
      3.98180   2.6707408e-05
      3.98186   1.8611621e-05
      3.98192   1.8656910e-05
      3.98197   9.9690869e-06
      3.98203   1.7331820e-05
      3.98209   5.4334334e-05
      3.98215   5.1108396e-05
      3.98221   4.7775873e-05
      3.98227   4.4169716e-05
      3.98233   2.9567997e-05
      3.98239   3.8386232e-05
      3.98245   3.9187893e-05
      3.98251   4.0871601e-05
      3.98256   1.6553204e-05
      3.98262   2.9115741e-05
      3.98268   4.4316210e-05
      3.98274   5.2574440e-05
      3.98280   4.2779579e-05
      3.98286   4.3954726e-05
      3.98292   6.1709063e-05
      3.98298   4.1040556e-05
      3.98304   3.6144633e-05
      3.98310   4.5633191e-05
      3.98316   4.8002807e-05
      3.98321   4.3023883e-05
      3.98327   5.4995526e-05
      3.98333   5.9632781e-05
      3.98339   2.9565592e-05
      3.98345   2.4414512e-05
      3.98351   5.0126295e-05
      3.98357   6.5027023e-05
      3.98363   6.9238689e-05
      3.98369   5.1318049e-05
      3.98375   4.6719688e-05
      3.98380   4.6320085e-05
      3.98386   5.5109955e-05
      3.98392   4.7702124e-05
      3.98398   4.9945025e-05
      3.98404   5.4624077e-05
      3.98410   5.1624880e-05
      3.98416   7.5143049e-05
      3.98422   7.5380718e-05
      3.98428   6.5446831e-05
      3.98434   7.1351569e-05
      3.98440   7.5943099e-05
      3.98445   6.1356252e-05
      3.98451   5.0085262e-05
      3.98457   4.3396325e-05
      3.98463   3.9507955e-05
      3.98469   2.9276709e-05
      3.98475   3.6823032e-05
      3.98481   5.0186623e-05
      3.98487   5.7079928e-05
      3.98493   4.1542433e-05
      3.98499   3.1039792e-05
      3.98504   4.6851161e-05
      3.98510   5.6931836e-05
      3.98516   6.4862070e-05
      3.98522   6.5230313e-05
      3.98528   0.00018266367
      3.98534    0.0011276230
      3.98540    0.0039321887
      3.98546    0.0074631735
      3.98552    0.0082308901
      3.98558    0.0052549206
      3.98564    0.0013394811
      3.98569   0.00017857412
      3.98575   9.6061434e-05
      3.98581   8.1889550e-05
      3.98587   8.1036123e-05
      3.98593   9.1727306e-05
      3.98599   8.6296866e-05
      3.98605   7.9633428e-05
      3.98611   7.3957148e-05
      3.98617   6.9475835e-05
      3.98623   7.6058677e-05
      3.98628   7.0957074e-05
      3.98634   6.9932146e-05
      3.98640   8.9467416e-05
      3.98646   0.00011881234
      3.98652   9.5208539e-05
      3.98658   0.00010124897
      3.98664   9.1667127e-05
      3.98670   9.8499011e-05
      3.98676   0.00013000958
      3.98682   0.00030031201
      3.98688    0.0012798349
      3.98693    0.0032337266
      3.98699    0.0041981391
      3.98705    0.0033844500
      3.98711    0.0012590733
      3.98717   0.00029177888
      3.98723   0.00012589568
      3.98729   0.00011511171
      3.98735   0.00011011376
      3.98741   9.2896727e-05
      3.98747   9.9379839e-05
      3.98752   0.00010454681
      3.98758   9.7448385e-05
      3.98764   0.00011646366
      3.98770   0.00013186171
      3.98776   0.00014024884
      3.98782   0.00014885195
      3.98788   0.00015083220
      3.98794   0.00015582622
      3.98800   0.00016953383
      3.98806   0.00016759580
      3.98812   0.00016022999
      3.98817   0.00015925030
      3.98823   0.00014570748
      3.98829   0.00014692164
      3.98835   0.00015116352
      3.98841   0.00016308771
      3.98847   0.00016732613
      3.98853   0.00017060994
      3.98859   0.00018443946
      3.98865   0.00017734690
      3.98871   0.00018122549
      3.98877   0.00021123106
      3.98882   0.00019768135
      3.98888   0.00019744772
      3.98894   0.00019250820
      3.98900   0.00020385515
      3.98906   0.00019168656
      3.98912   0.00018459390
      3.98918   0.00017301089
      3.98924   0.00020671816
      3.98930   0.00020105502
      3.98936   0.00021742843
      3.98941   0.00019216283
      3.98947   0.00016358444
      3.98953   0.00016674757
      3.98959   0.00017894764
      3.98965   0.00016986430
      3.98971   0.00018029811
      3.98977   0.00017414497
      3.98983   0.00016847985
      3.98989   0.00017506907
      3.98995   0.00016524941
      3.99001   0.00018216568
      3.99006   0.00020047225
      3.99012   0.00021816469
      3.99018   0.00021216992
      3.99024   0.00020248684
      3.99030   0.00020449831
      3.99036   0.00020223147
      3.99042   0.00020425601
      3.99048   0.00019309844
      3.99054   0.00018476031
      3.99060   0.00018302201
      3.99065   0.00017112537
      3.99071   0.00018188286
      3.99077   0.00018890877
      3.99083   0.00018907667
      3.99089   0.00018720741
      3.99095   0.00017265923
      3.99101   0.00015328672
      3.99107   0.00015370786
      3.99113   0.00016592487
      3.99119   0.00018195658
      3.99125   0.00015728315
      3.99130   0.00012860438
      3.99136   0.00013120210
      3.99142   0.00011753483
      3.99148   0.00012351827
      3.99154   8.7035478e-05
      3.99160   9.2908194e-05
      3.99166   8.3462866e-05
      3.99172   9.0038549e-05
      3.99178   8.9609188e-05
      3.99184   9.0358364e-05
      3.99189   9.9000419e-05
      3.99195   9.9065823e-05
      3.99201   9.4526280e-05
      3.99207   8.5706990e-05
      3.99213   7.0958391e-05
      3.99219   7.2850060e-05
      3.99225   6.0456481e-05
      3.99231   2.8889832e-05
      3.99237   3.4377445e-05
      3.99243   3.8974456e-05
      3.99249   2.7795084e-05
      3.99254   2.5334208e-05
      3.99260   3.7992799e-05
      3.99266   4.6700279e-05
      3.99272   3.8669972e-05
      3.99278   3.7783902e-05
      3.99284   4.4201803e-05
      3.99290   3.7137484e-05
      3.99296   3.3457367e-05
      3.99302   4.6674704e-05
      3.99308   5.0228762e-05
      3.99313   5.0377737e-05
      3.99319   4.8030615e-05
      3.99325   3.2700857e-05
      3.99331   4.0390376e-05
      3.99337   4.7415459e-05
      3.99343   4.6110097e-05
      3.99349   9.2838483e-05
      3.99355   9.7929922e-05
      3.99361   8.5355045e-05
      3.99367   9.1825204e-05
      3.99373   0.00012037427
      3.99378   0.00010987526
      3.99384   0.00010026053
      3.99390   0.00012996474
      3.99396   0.00011637992
      3.99402   0.00010084943
      3.99408   8.2796869e-05
      3.99414   7.7003759e-05
      3.99420   6.3755549e-05
      3.99426   6.3442574e-05
      3.99432   6.8875612e-05
      3.99437   5.5718359e-05
      3.99443   0.00016158240
      3.99449   0.00069423794
      3.99455    0.0016661405
      3.99461    0.0023280820
      3.99467    0.0019855492
      3.99473   0.00094604120
      3.99479   0.00017316609
      3.99485   7.0063237e-05
      3.99491   5.5885168e-05
      3.99497   5.1258783e-05
      3.99502   4.6271907e-05
      3.99508   3.1206313e-05
      3.99514   3.1845982e-05
      3.99520   5.0516097e-05
      3.99526   5.5427823e-05
      3.99532   3.8154027e-05
      3.99538   5.5961915e-05
      3.99544   6.7851877e-05
      3.99550   6.9725582e-05
      3.99556   4.6830377e-05
      3.99561   2.8859067e-05
      3.99567   3.4115226e-05
      3.99573   3.0852414e-05
      3.99579   4.2473297e-05
      3.99585   4.6643454e-05
      3.99591   5.2057389e-05
      3.99597   3.8642651e-05
      3.99603   2.0510241e-05
      3.99609   2.2765986e-05
      3.99615   4.7507903e-05
      3.99621   4.5324683e-05
      3.99626   4.4834665e-05
      3.99632   5.9844406e-05
      3.99638   7.4461073e-05
      3.99644   7.9267666e-05
      3.99650   9.0731264e-05
      3.99656   0.00011178450
      3.99662   0.00012049168
      3.99668   0.00012907105
      3.99674   0.00013787973
      3.99680   0.00014892906
      3.99686   0.00015664280
      3.99691   0.00016602955
      3.99697   0.00015776379
      3.99703   0.00015054176
      3.99709   0.00017296754
      3.99715   0.00015717903
      3.99721   0.00015816849
      3.99727   0.00014045138
      3.99733   0.00010761269
      3.99739   8.4287814e-05
      3.99745   7.9011348e-05
      3.99750   8.6561988e-05
      3.99756   9.4588424e-05
      3.99762   0.00010864325
      3.99768   0.00013069544
      3.99774   0.00014406267
      3.99780   0.00013068980
      3.99786   0.00012540484
      3.99792   0.00013720391
      3.99798   0.00013465917
      3.99804   0.00011178575
      3.99810   9.6700089e-05
      3.99815   9.5598072e-05
      3.99821   9.6797710e-05
      3.99827   8.7967252e-05
      3.99833   7.5119264e-05
      3.99839   8.7082801e-05
      3.99845   0.00010183666
      3.99851   0.00011476444
      3.99857   0.00012927901
      3.99863   0.00011190095
      3.99869   8.4578154e-05
      3.99874   7.7937271e-05
      3.99880   6.4727225e-05
      3.99886   5.7591034e-05
      3.99892   9.0089634e-05
      3.99898   9.7269673e-05
      3.99904   8.4353902e-05
      3.99910   9.8854252e-05
      3.99916   6.1361556e-05
      3.99922   5.1250016e-05
      3.99928   6.0244525e-05
      3.99934   5.7510657e-05
      3.99939   5.9617108e-05
      3.99945   4.6215446e-05
      3.99951   4.2872078e-05
      3.99957   4.0235980e-05
      3.99963   2.5843714e-05
      3.99969   3.3650071e-05
      3.99975   5.1565767e-05
      3.99981   4.6069526e-05
      3.99987   4.7168221e-05
      3.99993   5.6623387e-05
      3.99998   4.8144659e-05
      4.00004   5.0969149e-05
      4.00010   5.3739663e-05
      4.00016   3.3255750e-05
      4.00022   3.4137716e-05
      4.00028   5.1370367e-05
      4.00034   3.6520119e-05
      4.00040   3.4301258e-05
      4.00046   3.6658606e-05
      4.00052   3.4653909e-05
      4.00058   4.2000400e-05
      4.00063   6.1282975e-05
      4.00069   5.8218600e-05
      4.00075   7.9605183e-05
      4.00081   6.8417474e-05
      4.00087   7.9011763e-05
      4.00093   9.5306321e-05
      4.00099   9.3010160e-05
      4.00105   9.3182709e-05
      4.00111   9.2797956e-05
      4.00117   7.9114230e-05
      4.00122   5.7979811e-05
      4.00128   5.5847013e-05
      4.00134   5.7241043e-05
      4.00140   3.6820809e-05
      4.00146   3.2213797e-05
      4.00152   3.4224759e-05
      4.00158   2.5103684e-05
      4.00164   3.0589286e-05
      4.00170   3.0935043e-05
      4.00176   4.1535386e-05
      4.00182   4.3614677e-05
      4.00187   4.8323927e-05
      4.00193   4.6494170e-05
      4.00199   2.4613915e-05
      4.00205   4.1248833e-05
      4.00211   5.9205515e-05
      4.00217   4.9309212e-05
      4.00223   4.4384054e-05
      4.00229   6.1591913e-05
      4.00235   7.0200542e-05
      4.00241   6.5295833e-05
      4.00246   6.4336244e-05
      4.00252   7.4342475e-05
      4.00258   8.1694343e-05
      4.00264   8.7393964e-05
      4.00270   9.5996227e-05
      4.00276   9.0237962e-05
      4.00282   8.6664812e-05
      4.00288   0.00010828588
      4.00294   0.00011681380
      4.00300   0.00011586510
      4.00306   0.00011845865
      4.00311   0.00011056665
      4.00317   0.00011290661
      4.00323   9.8573277e-05
      4.00329   9.2613060e-05
      4.00335   7.2720577e-05
      4.00341   8.1318678e-05
      4.00347   6.0344410e-05
      4.00353   4.6841567e-05
      4.00359   5.2527957e-05
      4.00365   6.4750377e-05
      4.00370   7.5293188e-05
      4.00376   6.4133608e-05
      4.00382   7.8865909e-05
      4.00388   9.5540199e-05
      4.00394   0.00010156375
      4.00400   9.1983871e-05
      4.00406   6.4695021e-05
      4.00412   5.3452532e-05
      4.00418   5.6186604e-05
      4.00424   4.4824792e-05
      4.00430   3.8944916e-05
      4.00435   4.2138916e-05
      4.00441   6.1760111e-05
      4.00447   5.6601300e-05
      4.00453   5.1674186e-05
      4.00459   5.7889156e-05
      4.00465   2.2086385e-06
      4.00471  -2.8262129e-05
      4.00477  -7.0231872e-06
      4.00483   1.8163396e-06
      4.00489  -5.8784026e-06
      4.00494   1.2335145e-05
      4.00500  -2.7469912e-05
      4.00506  -3.8578037e-05
      4.00512  -4.2464282e-05
      4.00518  -4.2454638e-05
      4.00524  -5.0960873e-05
      4.00530  -8.0135374e-05
      4.00536  -9.2933093e-05
      4.00542  -8.8952074e-05
      4.00548  -9.2639901e-05
      4.00554  -8.2969142e-05
      4.00559  -8.2352897e-05
      4.00565  -9.3555776e-05
      4.00571  -0.00011440579
      4.00577  -0.00011544696
      4.00583  -7.7298821e-05
      4.00589  -7.7298821e-05
      4.00595  -7.7298821e-05
      4.00601  -7.7298821e-05
