2 509.899994 354.373138 2.943000e-11 5
3 1015.099976 587.032043 4.761000e-10 21
4 1681.599976 814.424316 2.755000e-09 9
5 2503.699951 1034.670654 9.836000e-09 33
6 3474.500000 1246.099487 2.643000e-08 13
7 4586.100098 1447.280884 5.879000e-08 45
8 5829.799805 1637.046021 1.142000e-07 17
9 7196.700195 1814.492432 2.001000e-07 57
10 8677.099609 1978.977295 3.236000e-07 21
11 10261.400391 2130.100586 4.900000e-07 69
12 11939.799805 2267.681152 7.029000e-07 25
13 13702.599609 2391.728027 9.633000e-07 81
14 15540.200195 2502.410645 1.269000e-06 29
31 50646.199219 557.634094 1.996000e-10 189
0 5987.000000 3806.792969 8.532000e-07 1
1 6149.000000 3568.221680 4.222000e-07 9
1 6149.000000 4155.253906 4.294000e-07 9
2 6471.399902 3329.041016 2.895000e-07 5
2 6471.399902 4143.465332 3.051000e-07 5
2 6471.399902 4497.838379 2.526000e-07 5
2 6471.399902 336.672302 2.786000e-11 5
3 6951.299805 3091.201904 2.082000e-07 21
3 6951.299805 4125.872559 2.824000e-07 21
3 6951.299805 4712.904785 3.470000e-07 21
3 6951.299805 557.650879 4.497000e-10 21
4 7584.299805 2856.482422 1.497000e-07 9
4 7584.299805 4102.582031 2.721000e-07 9
4 7584.299805 4917.006348 3.981000e-07 9
4 7584.299805 773.541016 2.592000e-09 9
5 8364.900391 2626.451172 1.061000e-07 33
5 8364.900391 4073.732178 2.652000e-07 33
5 8364.900391 5108.402832 4.206000e-07 33
5 8364.900391 982.530273 9.210000e-09 33
6 9286.400391 2402.445801 7.356000e-08 13
6 9286.400391 4039.491699 2.593000e-07 13
6 9286.400391 5285.591309 4.188000e-07 13
6 9286.400391 1183.009277 2.460000e-08 13
7 10341.200195 2185.562744 4.967000e-08 45
7 10341.200195 4000.055176 2.539000e-07 45
7 10341.200195 5447.335938 3.954000e-07 45
7 10341.200195 1373.603882 5.436000e-08 45
8 11521.099609 1976.661987 3.256000e-08 17
8 11521.099609 3955.639404 2.486000e-07 17
8 11521.099609 5592.685059 3.537000e-07 17
8 11521.099609 1553.193604 1.048000e-07 17
9 12817.299805 1776.377441 2.065000e-08 57
9 12817.299805 3906.478027 2.435000e-07 57
9 12817.299805 5720.970215 2.982000e-07 57
9 12817.299805 1720.915283 1.821000e-07 57
10 14220.500000 1585.136108 1.262000e-08 21
10 14220.500000 3852.817383 2.385000e-07 21
10 14220.500000 5831.794434 2.341000e-07 21
11 15721.500000 1403.181396 7.396000e-09 69
11 15721.500000 3794.909424 2.337000e-07 69
11 15721.500000 5925.010254 1.678000e-07 69
12 17310.800781 6000.688965 1.054000e-07 25
30 51689.300781 521.766602 2.633000e-10 61
0 11635.400391 7732.629395 3.466000e-07 1
0 11635.400391 3589.164307 1.284000e-06 1
1 11789.000000 7488.275391 1.605000e-07 9
1 11789.000000 8075.307617 1.939000e-07 9
1 11789.000000 3362.402832 6.389000e-07 9
1 11789.000000 3920.053711 6.378000e-07 9
2 12094.900391 7237.563477 1.032000e-07 5
2 12094.900391 8051.987793 1.383000e-07 5
2 12094.900391 8406.361328 1.275000e-07 5
2 12094.900391 3134.981445 4.398000e-07 5
2 12094.900391 3908.522461 4.532000e-07 5
2 12094.900391 319.358246 2.563000e-11 5
3 12550.000000 6982.512695 6.962000e-08 21
3 12550.000000 8017.183105 1.287000e-07 21
3 12550.000000 8604.214844 1.899000e-07 21
3 12550.000000 2908.780273 3.168000e-07 21
3 12550.000000 3891.310547 4.197000e-07 21
3 12550.000000 528.907715 4.126000e-10 21
4 13150.299805 6725.000488 4.704000e-08 9
4 13150.299805 7971.100098 1.249000e-07 9
4 13150.299805 8785.524414 2.379000e-07 9
4 13150.299805 2685.509033 2.279000e-07 9
4 13150.299805 3868.518311 4.047000e-07 9
4 13150.299805 733.536743 2.370000e-09 9
5 13890.200195 6466.727051 3.133000e-08 33
5 13890.200195 7914.007812 1.228000e-07 33
5 13890.200195 8948.678711 2.768000e-07 33
5 13890.200195 2466.671631 1.612000e-07 33
5 13890.200195 3840.275391 3.948000e-07 33
5 13890.200195 4822.805664 5.768000e-07 33
5 13890.200195 931.495178 8.380000e-09 33
6 14763.500000 6209.185547 2.040000e-08 13
6 14763.500000 7846.231445 1.211000e-07 13
6 14763.500000 9092.331055 3.070000e-07 13
6 14763.500000 2253.546143 1.114000e-07 13
6 14763.500000 3806.739746 3.866000e-07 13
6 14763.500000 1121.230835 2.226000e-08 13
7 15762.700195 5953.654785 1.294000e-08 45
7 15762.700195 7768.147461 1.196000e-07 45
7 15762.700195 9215.428711 3.278000e-07 45
7 15762.700195 2047.176880 7.478000e-08 45
7 15762.700195 3768.092041 3.792000e-07 45
7 15762.700195 5141.695801 5.062000e-07 45
8 16879.900391 7680.171875 1.181000e-07 17
8 16879.900391 1848.377197 4.865000e-08 17
8 16879.900391 3724.532471 3.723000e-07 17
